
Regular matrix: 
 -95.185067564  91.197179111  97.695779009  92.510371026 -36.770771158

 -77.236383633 -33.938164748  59.415451407 -57.447242950 -44.991818789

 -68.213081608 -85.195321040  71.821073291 -37.547112788 -47.110083844

  38.188565288  10.279234017  96.026858932  16.127611083 -50.997422612

  88.365976212  47.039949135  33.020594850 -53.655131683 -40.540042400

 -94.254786212  87.638798256  85.211669000  28.053353454 -82.485054619

 -53.833420458  -2.927297471 -57.952034429  13.310055935  52.280011632

 -29.597249641 -67.059747328 -88.450799912  47.836173564  -3.355532851

 -56.682710809  60.550019673  79.380792846  63.634431553  -2.552687018


Transpositioned matrix: 
 -95.185067564 -77.236383633 -68.213081608  38.188565288  88.365976212 -94.254786212 -53.833420458 -29.597249641 -56.682710809

  91.197179111 -33.938164748 -85.195321040  10.279234017  47.039949135  87.638798256  -2.927297471 -67.059747328  60.550019673

  97.695779009  59.415451407  71.821073291  96.026858932  33.020594850  85.211669000 -57.952034429 -88.450799912  79.380792846

  92.510371026 -57.447242950 -37.547112788  16.127611083 -53.655131683  28.053353454  13.310055935  47.836173564  63.634431553

 -36.770771158 -44.991818789 -47.110083844 -50.997422612 -40.540042400 -82.485054619  52.280011632  -3.355532851  -2.552687018

