Matrix 1: 
  62.525384908   8.491371147 -57.636023916 -96.921299889 -10.892296592

 -56.005054857  15.525204485  60.305543141 -31.465822958 -93.510420819

  24.898960012  41.540617330 -87.774620135  82.749264759 -76.608775254

  41.014948953  -1.154658818  88.908611792  35.236393130   9.768448337

  91.553914183 -35.469825843  25.639258118 -64.430657066 -13.071503778


Matrix 2: 
  12.654826118   3.946886206  16.304132923   0.920575410  20.771872685

  52.697906246 -49.607254451 -86.834677605  19.819765860  85.941579768

  -6.031939260  74.229407101 -15.414118923  28.884234480 -17.882024475

  39.090278938  -0.444126994 -95.094569115 -44.444935573  43.251816689

   8.612638051 -44.663823907 -29.089249294  99.595439225  36.635542326


Multiplication of 2 arrays: 
  -2296.109705735  -3923.203930317  10704.023219487   1783.921756449  -1531.887512845

  -2289.727038742   7675.744154708   2521.580020198  -5916.686469449  -5694.213454255

   5608.534932701  -5093.010957822  -7488.755641799 -12996.726390631   6429.304212874

   1383.430145181   6366.848639906  -4236.416760531   1989.743156417   1044.768541794

  -3496.433627707   4636.539222546  10684.757307980   1683.603224188  -4870.693057403

